Ball
125 350 155 380 0 255 255 6 3,92699092626572
Brick
70 100 140 120 0 0 255 1
Brick
70 120 140 140 255 0 0 2
Brick
70 140 140 160 0 0 255 1
Brick
70 160 140 180 255 0 0 2
Brick
140 100 210 120 0 0 255 1
Brick
140 120 210 140 255 0 0 2
Brick
140 140 210 160 0 0 255 1
Brick
140 160 210 180 255 0 0 2
Brick
210 100 280 120 0 0 255 1
Brick
210 120 280 140 255 0 0 2
Brick
210 140 280 160 0 0 255 1
Brick
210 160 280 180 255 0 0 2
Brick
280 100 350 120 0 0 255 1
Brick
280 120 350 140 255 0 0 2
Brick
280 140 350 160 0 0 255 1
Brick
280 160 350 180 255 0 0 2
Brick
350 100 420 120 0 0 255 1
Brick
350 120 420 140 255 0 0 2
Brick
350 140 420 160 0 0 255 1
Brick
350 160 420 180 255 0 0 2
Brick
420 100 490 120 0 0 255 1
Brick
420 120 490 140 255 0 0 2
Brick
420 140 490 160 0 0 255 1
Brick
420 160 490 180 255 0 0 2
Brick
490 100 560 120 0 0 255 1
Brick
490 120 560 140 255 0 0 2
Brick
490 140 560 160 0 0 255 1
Brick
490 160 560 180 255 0 0 2
Brick
560 100 630 120 0 0 255 1
Brick
560 120 630 140 255 0 0 2
Brick
560 140 630 160 0 0 255 1
Brick
560 160 630 180 255 0 0 2
Brick
630 100 700 120 0 0 255 0
Brick
630 120 700 140 255 0 0 2
Brick
630 140 700 160 0 0 255 1
Brick
630 160 700 180 0 0 255 1
Platform
176 570 296 590 0 255 0 6
Player
Player1 2 3
Settings
1 5 6 1366 728
